# Columns: Number of Query Points, Average Inference Time (ms): CPU, CUDA, CUDA with Graph Capture
# Runtime: ONNX Runtime (CPU and CUDA), image size 224x224, batch_size=1, iterations=1
# System: AMD Ryzen 7 3700X, NVIDIA RTX 3080
1 4.62 2.43 1.23
2 4.66 2.43 1.27
3 4.76 2.50 1.27
4 4.75 2.37 1.22
5 4.80 2.37 1.25
6 4.82 2.42 1.28
7 4.90 2.40 1.30
8 4.92 2.36 1.23
10 4.95 2.38 1.30
11 4.99 2.40 1.29
13 5.20 2.38 1.34
15 5.22 2.41 1.33
17 5.18 2.39 1.34
19 5.36 2.39 1.35
22 5.40 2.42 1.36
26 5.55 2.39 1.37
29 7.46 2.43 1.36
34 5.86 2.42 1.37
39 6.04 2.45 1.38
45 6.21 2.43 1.37
52 6.50 2.40 1.35
60 6.77 2.42 1.34
69 7.09 2.43 1.38
79 7.37 2.44 1.41
91 7.83 2.43 1.42
105 8.22 2.44 1.42
121 8.72 2.45 1.41
139 9.35 2.44 1.44
160 10.05 2.43 1.42
184 10.70 2.44 1.44
212 11.60 2.44 1.47
244 12.65 2.39 1.48
281 13.50 2.44 1.54
324 15.04 2.40 1.56
373 16.16 2.41 1.59
429 17.75 2.43 1.67
494 19.84 2.53 1.72
569 22.00 2.56 1.81
655 24.66 2.66 1.87
754 27.03 2.68 1.92
869 30.00 2.76 2.02
1000 33.51 2.83 2.05
